1e-05
0.019786
0.00506888
0.0050922
0.0027018
0.00132978
0.00132975
0.00133085
0.00133242
0.00133421
0.00260999
0.00261736
0.00256255
0.00128847
0.00129268
0.00255164
0.00255763
0.00256237
0.00256599
0.00256867
0.00277952
0.00278069
0.00278165
0.00278369
0.00278578
0.00311593
0.00311827
0.00312091
0.00312351
0.0031264
0.00543688
0.00543812
0.0054396
0.00544076
0.00544098
0.0063192
0.0063263
0.00633241
0.00543558
0.00543246
0.00542895
0.00542541
0.00542155
0.00541772
0.00541369
0.0054083
0.00540367
0.00540005
0.00539696
0.00539398
0.00539106
0.00538858
0.00538519
0.00538249
0.00538068
0.00537887
0.00537812
0.00537791
0.00537806
0.00537847
0.00537848
0.00537921
0.00538011
0.00538115
0.00538224
0.00538311
0.00538463
0.0053861
0.00538757
0.00538908
0.00539039
0.00539241
0.00522627
0.00522957
0.00523426
0.00540109
0.00540391
0.00540637
0.00540862
0.00541084
0.00541259
0.00541514
0.00528042
0.00528042
0.00528108
0.0054239
0.00528163
0.00528101
0.00528142
0.00522361
0.00543777
0.00528354
0.00528186
0.00528144
0.00528115
0.00545172
0.00532332
0.00522393
0.00522211
0.00522044
0.0054671
0.00546863
0.00546982
0.00547063
0.00547107
0.00533884
0.00534205
0.00529182
0.00529339
0.00529417
0.00547484
0.00520929
0.0052083
0.00520842
0.00520902
0.00520913
0.0052071
0.00520704
0.00520745
0.00520775
0.00520699
0.00520699
0.00520724
0.00520742
0.00520743
0.00520633
0.00520516
0.00520453
0.00520413
0.00520348
0.00548955
0.00520236
0.00520151
0.00520078
0.00520056
0.00528172
0.00519954
0.00519907
0.0051987
0.0051984
0.00519809
0.00519748
0.00519697
0.00519633
0.00519553
0.00549296
0.00519376
0.00519229
0.00519098
0.00519025
0.00269002
0.0026862
0.0026841
0.00268274
0.00268181
0.00518376
0.00518331
0.00518333
0.0051832
0.00518272
0.00550747
0.00550872
0.00527225
0.00527212
0.00518488
0.00527015
0.00526887
0.00527029
0.00527143
0.00527246
0.00537089
0.0051848
0.00518162
0.00517979
0.00517918
0.0053654
0.00517896
0.00517757
0.00517827
0.00517839
0.00267857
0.00267794
0.00267924
0.00267936
0.00267982
0.00536228
0.00267993
0.00267956
0.00268082
0.0026804
0.00536336
0.00536147
0.00535914
0.00535653
0.00267565
0.00535487
0.00267283
0.00267144
0.00267197
0.00267117
0.00267159
0.00266967
0.00266933
0.00266933
0.00266986
0.00534662
0.00267424
0.00267276
0.00267167
0.00267105
0.00534775
0.00266948
0.00266883
0.00267006
0.0026696
0.00534503
0.00534064
0.00533689
0.00533354
0.00533044
0.00532736
0.00532492
0.00532338
0.00532242
0.00532158
0.00532155
0.00272199
0.00272121
0.00272036
0.00271938
0.00532096
0.00531986
0.00516346
0.00516503
0.0051665
0.00516727
0.00516683
0.00516611
0.00516512
0.00516386
0.00516253
0.00516109
0.00515991
0.00515886
0.00515793
0.0064143
0.00515917
0.00515723
0.00515565
0.00515542
0.00641093
0.00515806
0.00515594
0.00515422
0.00515408
0.00640936
0.00523144
0.00523211
0.00523334
0.00515803
0.00640858
0.00516023
0.00515917
0.00515905
0.00516067
0.00641071
0.00516372
0.00516262
0.00516198
0.00516351
0.00524085
0.00516623
0.0051662
0.00516583
0.00516699
0.00641455
0.00516979
0.00516814
0.00516669
0.00516658
0.00524343
0.00516784
0.00516662
0.00516509
0.00516465
0.00524053
0.00516533
0.00516437
0.00516316
0.00516303
0.00523885
0.00516438
0.00516373
0.00516289
0.005163
0.005163
0.00516279
0.00516246
0.00516294
0.00516281
0.00516339
0.00516364
0.00516419
0.00516472
0.00516508
0.00516514
0.00516492
0.00516463
0.00516501
0.0051647
0.00516515
0.00516523
0.00516521
0.00516579
0.00516541
0.00516546
0.00516494
0.00516437
0.0051646
0.00516414
0.00516464
0.00516425
0.00516392
0.0051644
0.00516412
0.00543729
0.00524349
0.00265819
0.00265393
0.00265173
0.00523902
0.00524461
0.00524265
0.00524244
0.00524321
0.00642754
0.00524385
0.00524376
0.00524406
0.00515698
0.00524591
0.00524438
0.00524557
0.00282
0.00281788
0.00281499
0.00281332
0.00281286
0.00281323
0.00281451
0.00524318
0.00524457
0.00282452
0.00282307
0.00282094
0.0052402
0.00524087
0.0052434
0.00524392
0.00524449
0.00546334
0.0054389
0.00544206
0.00544534
0.00544927
0.00546785
0.00266283
0.00265976
0.00265824
0.00265711
0.00546507
0.00266342
0.00266063
0.00265932
0.00265834
0.00546895
0.00266479
0.0026622
0.00266085
0.00266012
0.00547196
0.00266616
0.00266338
0.00266175
0.00266049
0.00547259
0.00266504
0.00266255
0.00266117
0.00266008
0.00545292
0.00545017
0.00545257
0.00273436
0.00273401
0.00546106
0.00546262
0.00546032
0.00273595
0.00273597
0.00545828
0.00500183
0.00500145
0.00500133
0.00500085
0.00266804
0.00266609
0.00266529
0.00266476
0.00266438
0.00548312
0.00267052
0.0026685
0.00266735
0.00266639
0.00545612
0.00273784
0.00273813
0.00273815
0.00273791
0.00266957
0.0026316
