1e-05
0.019786
0.00506888
0.0050922
0.0027018
0.00132978
0.00132975
0.00133085
0.00133242
0.00133421
0.00261038
0.00261777
0.00256296
0.00128867
0.00129289
0.00255188
0.00255785
0.00256254
0.00256609
0.00256876
0.00277952
0.00278061
0.0027816
0.00278326
0.00278532
0.00311533
0.00311759
0.00312043
0.00312349
0.00312659
0.00543914
0.00544197
0.00544337
0.00544309
0.00544356
0.0106517
0.0106474
0.00544244
0.00543713
0.00543072
0.00542403
0.00542113
0.00541751
0.00541318
0.00540888
0.00540403
0.00540081
0.00539779
0.00539545
0.00539363
0.00539314
0.00522349
0.00523077
0.00523225
0.00523146
0.005389
0.00538935
0.0053883
0.0053876
0.00538752
0.00538837
0.00538939
0.0053904
0.00523206
0.00522871
0.00539502
0.00539747
0.00539958
0.00540171
0.00540409
0.00540712
0.00540954
0.00541181
0.00541438
0.00521985
0.00542017
0.00542312
0.00542548
0.00527683
0.00521927
0.00528006
0.00528049
0.00527865
0.00522045
0.00494517
0.00505679
0.00504388
0.00504585
0.00504541
0.00504381
0.00545572
0.00522174
0.00522081
0.00521945
0.00521818
0.00545931
0.00533018
0.00533189
0.00529354
0.00529513
0.00547145
0.005294
0.00520729
0.00520716
0.00520599
0.0052059
0.00501745
0.00501695
0.00501747
0.00501762
0.00520704
0.00520372
0.00520204
0.00520122
0.00520091
0.00547017
0.0052004
0.00520052
0.00520044
0.00519991
0.00547553
0.00519898
0.00519814
0.00519748
0.0051974
0.00643196
0.0051977
0.00519693
0.00519647
0.00519625
0.00549069
0.00519747
0.00519612
0.00519518
0.00519595
0.00549716
0.00519615
0.00519578
0.0051954
0.00519529
0.00549664
0.00519853
0.00519807
0.0051979
0.00519842
0.00549735
0.00519642
0.00519484
0.00519383
0.00519335
0.00550104
0.00519236
0.00519164
0.00519097
0.00519055
0.00519248
0.00519162
0.00519119
0.00519045
0.00518951
0.00518838
0.00518496
0.00518313
0.00518191
0.0051807
0.00526503
0.00517748
0.0051762
0.00517496
0.00517375
0.00517249
0.00517435
0.00517365
0.00517293
0.00517237
0.00525395
0.0051673
0.00516509
0.0051635
0.00516217
0.0026797
0.00267634
0.00267429
0.0026728
0.00267171
0.00267319
0.00267167
0.00267126
0.00267117
0.00267122
0.00548216
0.00548133
0.00547893
0.00267576
0.00267438
0.00267612
0.00266955
0.00266635
0.00266454
0.00266324
0.00546013
0.00266754
0.0026672
0.00266835
0.00266796
0.00546638
0.00266994
0.00266453
0.00266202
0.00266071
0.00546068
0.00266667
0.0026665
0.00266796
0.00266687
0.00546085
0.00514879
0.00514757
0.00514841
0.005151
0.00515413
0.00515392
0.00515406
0.00515496
0.00515545
0.00641666
0.00641521
0.00516083
0.00516043
0.00515919
0.00524059
0.00523939
0.00523948
0.00515733
0.00515788
0.00641169
0.00515981
0.00515799
0.00515727
0.00515766
0.00641103
0.00516057
0.00515871
0.00515796
0.00515833
0.00641074
0.00516179
0.00516014
0.0051595
0.00515986
0.00641203
0.00516315
0.00516145
0.00516074
0.00516125
0.00524173
0.00516213
0.00516073
0.00516011
0.0051601
0.00641388
0.00516209
0.00515994
0.00515918
0.00515903
0.00523863
0.00516064
0.00515996
0.00515995
0.00516059
0.00523971
0.00516236
0.00516134
0.00516092
0.00516125
0.00523994
0.00516264
0.00516164
0.00516135
0.00516192
0.00516252
0.0051639
0.0051635
0.0051636
0.00516423
0.00516437
0.00516504
0.00516396
0.00516351
0.00516368
0.00516376
0.00516445
0.00516348
0.00516323
0.00516368
0.00524679
0.00524587
0.00281229
0.00281098
0.00280953
0.00281028
0.00280975
0.0028084
0.00280749
0.00280714
0.00528984
0.00281327
0.00281196
0.00281024
0.00265034
0.00516847
0.00281492
0.00281478
0.00281423
0.00264955
0.00281739
0.00264838
0.00264903
0.00264985
0.00265055
0.00282072
0.00264901
0.00264981
0.00265056
0.00265085
0.0028218
0.00282174
0.00282049
0.00281964
0.00265006
0.00525046
0.00282796
0.00282621
0.00264903
0.00264889
0.00524977
0.00282696
0.0028261
0.00264745
0.00264696
0.00524637
0.00282844
0.00282783
0.00264755
0.00264736
0.0052462
0.00283067
0.00282999
0.00282882
0.00282838
0.00528886
0.00283357
0.00283262
0.00283128
0.00264931
0.00524555
0.00283497
0.00283411
0.00283285
0.00283233
0.00529061
0.00283681
0.00283568
0.0028342
0.00283355
0.00529243
0.00283789
0.00283675
0.00283528
0.00283463
0.00529507
0.00524367
0.00524447
0.00524707
0.00524708
0.00548015
0.00547825
0.00547708
0.002662
0.00265933
0.00547481
0.00266306
0.00266018
0.00265868
0.00265765
0.0054727
0.00266345
0.002661
0.00265967
0.00265871
0.00547636
0.00266469
0.00266227
0.00266103
0.00266024
0.00548014
0.00266712
0.002665
0.00266404
0.00266363
0.00548409
0.00267047
0.00266791
0.00266646
0.00266537
0.00548591
0.00267043
0.00266781
0.00266631
0.00266522
0.00548692
0.00267111
0.00266873
0.00266738
0.00266639
0.00515458
0.00515676
0.00515523
0.00515279
0.00515003
0.00549899
0.00267819
0.00267697
0.0026774
0.00267796
0.00549699
0.00267999
0.00267937
0.00268037
0.00268086
0.00268216
0.00257223
0.00257363
0.00257489
0.00257572
0.00514375
0.00514253
0.00514072
0.00513886
0.0051369
0.00268138
0.00267796
0.00267607
0.00267482
0.00267401
0.00536602
0.00511809
0.00511413
0.00511029
0.00510707
0.0026809
0.00268067
0.00268197
0.0026828
0.00268333
0.00551055
0.00268508
0.00268469
0.00268582
0.00268643
0.00268809
0.00268642
0.0026862
0.00268636
0.00268684
0.0026908
0.00268943
0.00268935
0.00268965
0.00268982
0.00320591
0.00320615
0.00320581
0.00320564
0.00320523
0.0053661
0.00268609
0.00268523
0.00268575
0.0026844
0.00509642
0.00509741
0.00509878
0.00510107
0.00510315
0.0051039
0.0051049
0.00510588
0.00268536
0.00268243
0.005103
0.00510298
0.00510546
0.0051054
0.0051057
0.00519582
0.0051075
0.00510686
0.0051065
0.00510654
0.0051942
0.0051091
0.00510792
0.00510736
0.00510697
0.00537219
0.00510846
0.00510622
0.00510435
0.0051037
0.00268879
0.0026843
0.00268226
0.00268212
0.00268204
0.00537089
0.00268859
0.00268566
0.00268412
0.00268331
0.00551492
0.00268932
0.00268555
0.00268395
0.00268313
0.00551143
0.00551119
0.00269103
0.00268744
0.0026841
0.00550895
0.00550815
0.00550743
0.00550651
0.00550561
0.00537828
0.00536862
0.0053618
0.00535727
0.00535468
0.00550061
0.00536116
0.00535979
0.00535935
0.00535958
0.00550345
0.00535979
0.00536107
0.00536436
0.00274596
0.00510452
0.00510141
0.0051001
0.00510226
0.00510263
0.005104
0.00510142
0.00509976
0.00509926
0.00509878
0.00640526
0.00509682
0.00509489
0.00509377
0.00509287
0.00518333
0.005094
0.00509382
0.00509389
0.00509374
0.00640531
0.00509219
0.00509185
0.00509108
0.00509105
0.00509108
0.00509084
0.00509129
0.0050918
0.00509224
0.00509142
0.00509257
0.00509318
0.00509351
0.00509364
0.00518805
0.00509277
