7.135174
4.017897
3.091183
2.477609
1.592704
1.041637
0.499448
0.408818
0.359665
0.306612
0.276695
0.233009
0.215944
0.161046
0.131675
0.110563
0.095534
0.085682
0.073391
0.061291
0.051952
0.047039
0.038444
0.032248
0.026268
0.025840
0.018824
0.017349
0.014027
0.010361
0.009271
0.008835
0.007530
0.006981
0.005869
0.004996
0.004031
0.004025
0.003410
0.003292
0.002932
0.002665
0.002171
0.001774
0.001413
0.001218
0.000937
0.000804
0.000696
0.000663
0.000555
0.000497
0.000387
0.000343
0.000319
0.000241
0.000217
0.000171
0.000112
0.000093
0.000073
0.000059
0.000049
0.000037
0.000029
0.000024
0.000018
0.000016
0.000011
0.000009
0.000008
0.000006
0.000005
0.000004
0.000003
0.000003
0.000003
0.000002
0.000002
0.000001